6.375444011488643703e+00
2.965839282723532921e+00
7.795163346778703151e+00
6.309948190328299233e+00
3.799331895794834324e+00
5.452276592029981828e+00
6.294665681064770091e+00
4.434926209738827119e+00
4.271222612957006781e+00
5.232696758028421158e+00
7.093929143703881834e+00
8.074521298626308408e+00
5.598455189983072344e+00
4.634375028995512125e+00
8.889879526887694894e+00
5.955995675232986564e+00
2.432991446594158447e+00
5.944974159746552189e+00
7.128874610761870123e+00
3.689718360302161049e+00
4.632388628862213587e+00
3.346775493929296630e+00
4.528466780484423637e+00
3.665093699468767063e+00
6.397584014936740893e+00
-9.184505290799203081e-01
3.997560683528372572e+00
5.242333160150669968e+00
8.624471585114523720e+00
7.101329635946425967e+00
3.270521217354974031e+00
5.664963325786796844e+00
5.590597313985432137e+00
4.518167727108956200e+00
3.570643389954380353e+00
3.311519395247390030e+00
5.958943559954568592e+00
4.482035533809209937e-01
6.084309913725038932e+00
3.805188151132739449e+00
8.283044006376655943e+00
3.804773766558230186e+00
4.523946910576948532e+00
3.973913965879781074e+00
4.490823632860758252e+00
6.105667146720890948e+00
8.118821225797535845e+00
3.377293360984565673e+00
6.966408561858544957e+00
4.838125902255288047e+00
4.497119268876180520e+00
9.747689753105964527e+00
3.517813995669678118e+00
5.525379455004871154e+00
9.954402456944507094e+00
8.918814676701515509e+00
3.170346407973513081e+00
1.248671055465716773e+00
6.498332228194074744e+00
6.730142115220635546e+00
4.239972525760808075e+00
7.281301363012540051e+00
3.200124713289025813e+00
8.113664129643840539e-01
2.003517767662298166e+00
5.350765890787146262e+00
8.307240410345992032e+00
8.159024957976699355e+00
6.296303085395990706e+00
2.571160155632204347e+00
4.095020816729389779e+00
4.088175440425360740e+00
8.048920397280296513e+00
6.047865724712963242e+00
1.003881103248945728e+01
1.903145684646400326e+00
4.561440763774477603e+00
1.161202742611294880e+01
6.070251444479099590e+00
2.254676369582104378e+00
6.515955644690793136e+00
3.844977211197114553e+00
9.799029519593116078e+00
3.036462477692024819e+00
4.559859161357006307e+00
5.302292838660500607e+00
6.739188967401320340e+00
3.403214844645358284e+00
1.729351157461181288e+00
3.682371338610832545e+00
9.086742060579627633e+00
3.404915171413009034e+00
7.738046764862947846e+00
2.485718726703241899e+00
5.793783297029755808e+00
4.469490601745937042e+00
4.960863910508595431e+00
6.252597332091212934e+00
8.996230923173715865e+00
1.043389585233072125e+01
