9.893686810648059549e+00 1.767830513007938009e+01
1.327933733626267987e+01 8.934172630589459985e+00
1.391407762966117900e+01 5.510812837816779997e+00
6.517465913528579513e+00 1.026149550774134056e+01
1.846737231868319995e+01 1.016692805159836155e+01
9.009053197270260327e+00 1.572706131995655809e+01
1.584854539283552022e+01 7.114686273364360325e+00
3.130433519277719956e+00 4.176630490459499967e+00
1.357825468908995958e+01 1.166924672215245984e+01
1.177700967439450075e+01 2.815929596219219899e+00
1.690814136471600193e+01 8.489229137636719713e+00
2.324234278593219738e+00 1.628456340604462227e+01
9.639843397354701082e+00 1.403206810089759848e+01
7.388015048857780265e+00 1.857934962068684115e+01
1.532564314645716053e+01 3.050499567529180389e+00
3.710773228015760150e+00 7.709943707892680465e+00
1.691210800735279962e+00 7.520576317142699807e+00
1.813955419762060117e+01 4.936840761126959798e+00
5.495349375298239636e+00 1.248255311278625879e+00
1.473969899509102000e+01 1.500057718167082044e+01
4.968241656618200608e+00 1.331637019808404077e+01
1.838666340173222125e+01 1.969060527393593940e+00
2.181769324000919941e+00 1.796607754211871821e+01
5.300538128940379679e+00 5.373840644164019409e+00
5.750120184198019402e+00 1.618550963210874016e+01
3.894963476248079814e+00 2.105752578983079992e+00
1.666707606208510128e+01 1.902676448281853894e+01
8.110261617507779519e+00 1.116650116071106069e+01
9.046855632215740073e-01 1.212215260448866161e+01
1.882772313752212057e+01 1.150579591491259990e+01
1.071584871690719964e+01 1.801664813426323875e+01
1.794731852188705901e+01 1.371556994849816036e+01
1.282257433892227994e+01 1.424689255771228069e+01
1.095674944450147947e+01 1.582857402227817900e+00
1.607951749251224172e+01 5.007669728575280033e+00
1.030235167653300010e+01 1.099903311016969987e+01
5.961972034303480328e+00 6.741468693828199577e+00
1.373224326292984010e+01 9.424980569956819210e+00
1.879828523835168141e+01 3.530340508557860413e-01
8.661605901177980016e+00 4.343574674753480025e+00
1.338058102224022106e+00 1.071033716946840020e+00
1.563595216162501966e+00 1.539290828569791891e+01
1.562833255040460045e+01 1.051774142752402064e+01
8.481004744628439340e+00 2.376900535076859722e+00
1.244624624466523954e+01 1.822092524571343830e+01
1.124625736637971940e+01 1.292521014781667965e+01
7.093308462249120261e+00 9.730345037905500760e+00
1.740536039490251952e+01 6.872261105244979795e+00
6.016288770223040316e+00 2.647206224920219952e+00
2.858943491522220270e+00 1.345142440260388028e+01
2.680293095950039728e+00 8.349190049758179910e+00
1.304531833492220017e+01 2.561230837879699962e+00
1.278076820177957984e+01 5.776212528441099892e+00
1.642016699165105820e+01 1.225815685698762181e+01
1.717475643968209909e+01 1.752140408689156104e+01
3.540347445616500277e+00 1.708470025178975860e+01
1.402388308956288121e+01 1.646452691149897873e+01
6.964773992076520592e-01 6.214694229559980521e+00
7.990778171457360024e+00 7.309218416223299819e+00
7.632230518478899661e+00 1.458589428048579961e+01
4.354271095106380329e+00 3.638467571884400176e+00
9.482968110358338976e+00 1.663502809992059994e+01
8.206905469717460377e+00 1.958992421063594236e+01
1.420317930066957857e+01 1.275253575062379952e+01
1.946738350130618045e+01 1.582610193197615978e+01
4.659385289670900043e+00 1.887038954040036032e+01
1.725305739725008181e+01 3.471235969616099926e+00
1.216556839188559991e+01 7.916022380720820095e+00
5.052334581734619690e+00 9.126936189737179461e+00
4.764134897384800227e-01 1.680436194194480137e+01
1.058054693494923981e+01 3.329401678778239670e+00
9.314616103097799638e+00 1.244555623927153931e+01
1.487556449375116152e+01 8.075079576252019109e+00
1.970659334240481897e+01 1.300020979680120092e+01
6.691777588520199771e+00 4.713166363723580332e+00
8.990089969150719895e+00 9.210501467855639390e+00
1.084695023624226096e+00 3.837880289601160122e+00
2.437506980635220089e+00 1.123480368498712068e+01
1.933636514944955920e+01 5.838588975928720615e+00
1.554641958493740006e+01 8.435675684828319865e-01
1.113951949942856068e+01 1.999234443679452156e+01
7.429698681505399804e+00 6.567805550061160957e-01
4.445288781868300454e+00 1.498545879917219992e+01
1.506506310412659921e+01 1.869252149346283787e+01
1.442410680348984009e+01 4.537429065443579823e+00
4.021435592835759465e+00 6.534227791009480590e+00
1.225853366623631935e+01 1.063985607484356066e+01
2.105139520950620180e-01 1.381056116330437966e+01
6.821653879340740190e+00 1.728003870868123926e+01
1.628280012006871758e+01 1.462559909732080143e+01
1.191349532245657983e+01 1.227752540260554082e-01
6.244086989760400108e+00 1.197333761337213964e+01
1.779743909300303883e+01 9.967143693752580802e+00
1.141913421815262097e+01 1.557340328400023921e+01
3.329594128858299751e+00 4.300777705386280014e-01
1.991973963826893979e+01 1.766609358275310182e+00
9.869299083948139539e-02 8.675252605136480000e+00
1.801781347393990096e+00 1.968510501459241979e+01
1.916882452601565845e+01 1.932579810223542083e+01
1.010056478651240042e+01 6.068050769669940614e+00
