3.721800837139332963e+00 1.809458447949270621e+01
1.886865299915927707e+01 4.510727096947335646e+00
5.232120780492845569e+00 1.615110552119121579e+01
1.024383852179185794e+01 1.364208552593251866e+01
1.181495145112191381e+01 1.347062894002985622e+01
2.894314303847911329e+00 1.381860587675017982e+01
1.916945224549055382e+01 6.600687133350500169e+00
6.818852271432762180e+00 5.091555283652466457e+00
2.828654940484343072e-02 1.357379518421327091e+01
1.387428901109787560e+01 1.382046641945362531e+00
