 0.291411 1.02123 0.988218 0.933546 0.836581 0.76592 0.663282 0.591074 0.499525 0.412488 0.338991 0.266783 0.219461 0.171494
 0.623706 1.98501 1.65602 1.25687 0.919315 0.61728 0.397001 0.24759 0.136558 0.0828276 0.0405212 0.022849 0.00981792 0.0046412
 1.01763 2.89392 1.95172 1.11527 0.574583 0.26354 0.106227 0.0508459 0.0159938 0.00740011 0.00119357 0.00143228 0.000238713 0
 0.353221 1.2922 1.2374 1.11764 0.976189 0.834017 0.67077 0.510608 0.360417 0.258234 0.169517 0.113902 0.0629136 0.0429704
 0.740469 2.2307 1.66358 1.17593 0.826242 0.54463 0.35209 0.204536 0.122062 0.0689784 0.038388 0.0182943 0.0101968 0.00389878
 0.308036 1.08326 1.03335 0.965823 0.87236 0.767276 0.677116 0.582797 0.47025 0.389632 0.291521 0.234391 0.188394 0.13579
 0.946786 2.64056 1.86689 1.16844 0.679722 0.361572 0.184759 0.083156 0.0388818 0.0181638 0.00681141 0.00283809 0.000851426 0.000567617
 0.268892 1.20869 1.43139 1.50351 1.35912 1.02492 0.632882 0.328914 0.145747 0.057679 0.0238124 0.0092226 0.00415773 0.00105833
 0.487154 1.64198 1.39039 1.18452 0.960627 0.723557 0.520354 0.381715 0.271438 0.177344 0.11645 0.0729062 0.0465465 0.025025
 1.23058 3.59715 1.96223 0.784227 0.280663 0.0946034 0.0325835 0.0129594 0.00314727 0.00129594 0.000555401 0 0 0
 0.844821 2.42263 1.78678 1.18206 0.762097 0.459161 0.260566 0.143542 0.0714826 0.0392001 0.0152765 0.00749415 0.0031706 0.00172942
 0.217522 0.798307 0.827911 0.83494 0.816921 0.762763 0.723357 0.638408 0.568805 0.505736 0.43643 0.355144 0.289402 0.224354
 0.340101 1.21161 1.12796 1.03406 0.899642 0.783107 0.670074 0.53791 0.421125 0.32047 0.246198 0.18393 0.131789 0.0920273
 0.246629 0.903668 0.905703 0.862244 0.830278 0.752578 0.692716 0.60041 0.54845 0.462729 0.391853 0.330435 0.257883 0.214424
 1.94854 3.83465 1.47445 0.491647 0.163882 0.057554 0.0214608 0.0053652 0.00146324 0.000975491 0 0 0 0
 0.304104 1.20296 1.25727 1.19451 1.07371 0.910958 0.716907 0.520825 0.350206 0.215453 0.129255 0.0685185 0.036374 0.0189483
 0.227872 0.99168 1.11627 1.14161 1.08288 0.95387 0.793561 0.622173 0.434979 0.28482 0.170148 0.101035 0.0529196 0.0261886
 1.64615 3.51958 1.69161 0.711189 0.270629 0.103497 0.0370629 0.013986 0.0034965 0.0027972 0 0 0 0
 0.354294 1.58116 2.11783 2.25971 1.13795 0.354375 0.118962 0.0489128 0.0188687 0.0056687 0.00178159 0.000242944 0.000242944 0
 0.398646 1.37988 1.23339 1.05129 0.918691 0.759333 0.606162 0.472054 0.35751 0.283767 0.210359 0.149827 0.106517 0.0725722
 0.266352 1.01122 1.01382 0.963545 0.906441 0.79715 0.701408 0.609981 0.504604 0.397019 0.300575 0.23213 0.17332 0.122438
 2.80014 3.58742 1.05512 0.3977 0.11904 0.0297599 0.00811633 0.00270544 0 0 0 0 0 0
 0.207574 0.758764 0.792413 0.788904 0.790968 0.750713 0.70509 0.650281 0.583188 0.513515 0.464796 0.397187 0.324624 0.271982
 0.385209 1.55773 1.57909 1.43412 1.16639 0.838004 0.521695 0.276037 0.137975 0.0604953 0.0253012 0.0119065 0.00411473 0.00192604
 0.248645 0.921904 0.937703 0.902073 0.848901 0.776443 0.69091 0.607665 0.543052 0.445425 0.371224 0.291248 0.228705 0.186102
 0.264842 1.28002 1.62361 1.91638 1.60998 0.827501 0.305495 0.107653 0.0398242 0.0162609 0.005872 0.00180677 0.000451692 0.000301128
 0.343286 1.19025 1.07554 0.971974 0.862311 0.742885 0.641939 0.532101 0.433945 0.356884 0.28889 0.233971 0.184108 0.141917
 0.36868 1.33216 1.24655 1.10604 0.967685 0.802046 0.655279 0.494643 0.354128 0.257269 0.176666 0.118119 0.0718488 0.0488845
 0.20928 0.819972 0.889846 0.915697 0.884471 0.833282 0.746686 0.66282 0.566072 0.469324 0.370954 0.274547 0.206465 0.150583
 0.645206 2.01471 1.5768 1.20383 0.848064 0.598585 0.418205 0.278341 0.171222 0.107951 0.0638268 0.0416262 0.0205356 0.0111003
 0.28824 1.03571 0.998947 0.928224 0.855362 0.749745 0.667658 0.584502 0.494794 0.415515 0.32661 0.262571 0.223667 0.168452
 0.501493 1.64451 1.40361 1.14567 0.911404 0.688862 0.519854 0.392656 0.284261 0.189581 0.134277 0.0878221 0.0610552 0.0349519
 0.404819 1.34286 1.20757 1.06106 0.923975 0.771476 0.613589 0.48713 0.369799 0.284047 0.206525 0.15235 0.102664 0.0721341
 1.24359 3.99953 1.87397 0.582309 0.193999 0.0708572 0.0254399 0.00764759 0.00187288 0.000624293 0.000156073 0 0 0
 1.32881 3.3903 1.81913 0.874426 0.360152 0.141346 0.0535037 0.0211619 0.00758634 0.00199641 0.00159713 0 0 0
 0.432162 1.48628 1.33736 1.15835 0.970131 0.78336 0.594355 0.418756 0.304012 0.208326 0.138665 0.082542 0.0548089 0.0308875
 0.406025 1.54329 1.47521 1.32783 1.09663 0.837698 0.560289 0.355107 0.198015 0.10674 0.0522383 0.0240447 0.0123524 0.00452606
 0.610457 1.94076 1.61901 1.249 0.924129 0.628077 0.417556 0.261729 0.15913 0.0937894 0.0493725 0.026797 0.0126643 0.00752518
 2.7038 3.6 1.27089 0.324051 0.0860759 0.0101266 0.00506329 0 0 0 0 0 0 0
 0.630735 2.31425 2.00499 1.44435 0.874467 0.425931 0.185967 0.0735191 0.029225 0.0100461 0.00433809 0.00136992 0.000799121 0
 0.145828 0.807628 1.08842 1.4058 1.88985 1.676 0.642746 0.212277 0.0799305 0.0331553 0.0134823 0.00350814 0.00110059 0.000275148
 0.207861 0.794395 0.821755 0.84028 0.81976 0.781095 0.722195 0.646574 0.577889 0.507683 0.429593 0.352737 0.279302 0.218881
 0.606436 1.91999 1.58896 1.22789 0.89876 0.627376 0.437217 0.278152 0.175987 0.109357 0.0647259 0.0361704 0.0198831 0.00909548
 0.65466 2.70487 2.41031 1.39011 0.545586 0.193602 0.0629686 0.024974 0.00896502 0.00288161 0.000640359 0.000426906 0 0
 0.307405 1.0775 1.03695 0.938605 0.860963 0.746513 0.666571 0.570093 0.47074 0.39583 0.310712 0.252049 0.208339 0.157728
 0.391232 1.36945 1.25359 1.08663 0.934686 0.789076 0.61743 0.477468 0.353762 0.263393 0.19107 0.127701 0.0885782 0.0559296
 0.382237 1.3765 1.29821 1.15422 1.00897 0.815256 0.643868 0.47174 0.325002 0.21762 0.140178 0.0867518 0.0523685 0.0270835
 1.03117 2.93863 1.84511 1.09042 0.570765 0.293901 0.128945 0.0596321 0.0255566 0.00968054 0.00425944 0.00116167 0.000774443 0
 0.417827 1.81224 2.0737 1.82296 1.11306 0.48375 0.178995 0.0603508 0.0239174 0.00874401 0.0033433 0.000685805 0.000342902 8.57256e-05
 0.237405 0.890457 0.931676 0.923825 0.862324 0.819235 0.715207 0.631367 0.545098 0.454061 0.354426 0.270306 0.208991 0.155622
 0.262744 1.07576 1.13976 1.1268 1.04253 0.912056 0.75697 0.59097 0.42259 0.283833 0.178965 0.111597 0.0614602 0.0339713
 1.62 3.86263 1.65903 0.578684 0.177043 0.0687494 0.0235195 0.00749523 0.00180919 0.00103383 0 0 0 0
 0.872688 2.66686 1.93317 1.21951 0.693252 0.347403 0.154747 0.0633763 0.0318826 0.0106923 0.00427693 0.00136084 0.000777624 0
 0.539106 1.71577 1.4739 1.18374 0.916896 0.671905 0.501223 0.351772 0.247697 0.161107 0.103034 0.0674403 0.039132 0.0272675
 0.384853 1.27125 1.16818 1.01413 0.889891 0.746883 0.617126 0.496756 0.399577 0.322827 0.248286 0.198224 0.138407 0.103621
 0.223771 0.820251 0.837865 0.843597 0.811288 0.767722 0.705708 0.634835 0.558438 0.499967 0.429928 0.349779 0.289746 0.227106
 0.359695 1.24187 1.12714 1.02352 0.871689 0.772608 0.63424 0.525924 0.411505 0.320094 0.26578 0.190491 0.151516 0.103933
 0.19296 0.871881 1.08446 1.17469 1.15827 1.04493 0.862799 0.652185 0.432707 0.258273 0.144865 0.0718515 0.0329834 0.0171456
 0.491757 1.70998 1.5552 1.32226 1.02707 0.757203 0.491867 0.301488 0.172358 0.089551 0.0431171 0.0239908 0.00983955 0.00431171
 0.29715 1.08092 1.0435 0.975062 0.895442 0.778635 0.680878 0.588026 0.473957 0.375629 0.288138 0.225971 0.173841 0.122852
 0.317639 1.44015 1.64159 1.64483 1.34478 0.866657 0.440735 0.187178 0.0712114 0.0289915 0.0101391 0.00451508 0.00102975 0.000554483
 0.298505 1.05779 1.01212 0.944824 0.85916 0.768212 0.671227 0.584682 0.488702 0.39788 0.31687 0.246301 0.202148 0.151579
 0.253133 0.896565 0.888958 0.862897 0.820999 0.742565 0.686701 0.599663 0.549536 0.467486 0.398529 0.338924 0.273583 0.220463
 0.465482 1.55393 1.33546 1.14757 0.947442 0.730501 0.550933 0.414177 0.306301 0.209127 0.143042 0.0954747 0.0606485 0.0399227
 0.472819 1.49542 1.29478 1.09391 0.887861 0.732361 0.551584 0.435129 0.331537 0.255254 0.167461 0.129997 0.0909527 0.060936
 0.216711 0.816491 0.832568 0.821515 0.794719 0.754972 0.693676 0.639415 0.550989 0.502868 0.440679 0.370675 0.317195 0.247526
 2.11475 3.79006 1.37782 0.476838 0.152146 0.0628984 0.0169996 0.00594985 0.00254994 0 0 0 0 0
 0.638553 2.05639 1.71969 1.29059 0.911796 0.594492 0.359556 0.210933 0.110645 0.0568845 0.0284423 0.0133169 0.00624743 0.00246609
 0.332404 1.24712 1.24012 1.14886 1.00822 0.868245 0.686831 0.524269 0.3604 0.24571 0.155844 0.0976122 0.0536587 0.0307021
 0.189947 0.728081 0.757371 0.792653 0.782504 0.756404 0.714451 0.667472 0.59304 0.529241 0.472015 0.40725 0.336491 0.273079
 0.931983 3.0927 2.12644 1.12166 0.465772 0.167561 0.0612241 0.0205057 0.00864168 0.00234351 0.000732346 0.000439408 0 0
 0.369012 1.2992 1.21537 1.07321 0.933254 0.805552 0.650275 0.49941 0.375262 0.283837 0.201602 0.138119 0.0949799 0.0609097
 0.748772 2.36129 1.75594 1.23734 0.813823 0.49105 0.286408 0.152917 0.0804111 0.0402055 0.0180699 0.00880908 0.00383986 0.00112937
 0.589875 1.82025 1.49838 1.17244 0.869789 0.647537 0.468327 0.33974 0.219545 0.149973 0.0958311 0.0619924 0.0406064 0.0257174
 0.479536 1.83689 1.79817 1.51586 1.09574 0.668757 0.341341 0.156507 0.0639 0.0272767 0.00953732 0.00448254 0.0014306 0.000572239
 0.456497 1.59088 1.41423 1.22927 0.998497 0.776502 0.559798 0.381216 0.248572 0.157176 0.0889904 0.0548374 0.0281402 0.0153929
 0.170025 0.870729 1.15597 1.35109 1.41374 1.2447 0.878368 0.510986 0.242773 0.0976977 0.0386866 0.0161895 0.0063076 0.00273329
 0.240932 0.935359 0.994195 0.990703 0.93047 0.844049 0.733971 0.641351 0.517917 0.403823 0.294967 0.219196 0.150845 0.102222
 1.44873 3.41113 1.73758 0.815932 0.348409 0.154104 0.0491346 0.0260562 0.00521124 0.00223339 0.00148893 0 0 0
 2.881 3.38458 1.16564 0.388213 0.135423 0.0341066 0.00802508 0.0030094 0 0 0 0 0 0
 0.275919 0.971499 0.939694 0.893432 0.821837 0.746799 0.667493 0.595346 0.514663 0.439075 0.37395 0.302905 0.244665 0.212722
 0.481694 2.30288 2.94277 1.58515 0.445729 0.148854 0.0612981 0.0230214 0.00619453 0.00184911 0.000369822 0.000184911 0 0
 0.245177 0.91169 0.929837 0.914749 0.850524 0.79843 0.701787 0.612891 0.543365 0.451207 0.358131 0.288707 0.2202 0.173306
 0.323415 1.16413 1.04835 0.969437 0.862225 0.747574 0.649418 0.538001 0.462646 0.360446 0.292367 0.246604 0.183376 0.152005
 1.25838 3.33741 1.89064 0.899762 0.382934 0.142099 0.0568394 0.021681 0.00673869 0.00175792 0.00175792 0 0 0
 0.313073 1.31035 1.35762 1.29914 1.13533 0.915792 0.682535 0.442585 0.264965 0.147919 0.0722861 0.0332148 0.0183225 0.00686049
 0.496881 1.66891 1.43306 1.20765 0.964434 0.735187 0.509318 0.36744 0.242759 0.16491 0.0950462 0.0591159 0.0343947 0.0208825
 0.18987 0.757363 0.816951 0.850711 0.838635 0.795795 0.749871 0.660136 0.589266 0.511784 0.431217 0.34166 0.265853 0.200888
 0.251169 0.930431 0.928359 0.88784 0.841451 0.761335 0.690773 0.603519 0.537792 0.452266 0.375142 0.305271 0.239313 0.195341
 0.443383 1.47363 1.27377 1.11679 0.909431 0.736724 0.576192 0.435141 0.343168 0.244638 0.179826 0.122132 0.0869158 0.0582561
 1.93579 4.38179 1.11283 0.363848 0.138039 0.0496617 0.0141891 0.00304051 0.000608103 0.000202701 0 0 0 0
 0.308621 1.16051 1.11348 1.05287 0.930524 0.815219 0.688207 0.571865 0.432007 0.320224 0.241489 0.170524 0.116134 0.0783207
 0.735807 2.20461 1.67426 1.19224 0.826869 0.551433 0.346262 0.205171 0.12507 0.0680157 0.0387858 0.0171445 0.0103991 0.00393479
 0.342867 1.18667 1.11154 1.00214 0.886985 0.768126 0.663799 0.536304 0.439791 0.331077 0.266095 0.20509 0.153132 0.106383
 0.24088 1.11513 1.39608 1.96449 2.12851 0.770977 0.233478 0.0929701 0.0377396 0.0145152 0.00370139 0.00108864 0.000362881 7.25762e-05
 2.92379 3.35925 1.25661 0.354588 0.0808709 0.0124417 0.0124417 0 0 0 0 0 0 0
 0.187472 0.820264 0.958137 1.01388 0.996815 0.927878 0.816093 0.69005 0.550356 0.398301 0.275823 0.182997 0.114591 0.0673442
 0.194163 0.716836 0.756464 0.758719 0.758826 0.736167 0.697506 0.653905 0.599136 0.534916 0.484442 0.426343 0.372325 0.310253
 0.372756 1.23433 1.10837 1.00815 0.860192 0.741947 0.612612 0.520512 0.423461 0.335718 0.270753 0.219059 0.172712 0.119433
 0.64907 2.19347 1.81425 1.36821 0.906584 0.53346 0.286653 0.140277 0.060719 0.0296818 0.0103005 0.00515027 0.00149087 0.000677667
