# Version 1.0
# Data Data_PHENIX_AuAu200_RAACharged_40to50_2013.dat
# Design Design.dat
      0.371E+00  0.322E+00  0.388E+00  0.277E+00  0.382E+00  0.360E+00  0.971E+00  0.816E+00  0.633E+00  0.428E+00  0.444E+00  0.919E+00  0.475E+00  0.471E+00  0.780E+00  0.760E+00  0.746E+00  0.463E+00  0.628E+00  0.336E+00  0.493E+00  0.675E+00  0.590E+00  0.460E+00  0.443E+00  0.402E+00  0.635E+00  0.687E+00  0.691E+00  0.472E+00  0.452E+00  0.509E+00  0.825E+00  0.574E+00  0.496E+00  0.506E+00  0.104E+01  0.645E+00  0.838E+00  0.546E+00  0.310E+00  0.727E+00  0.545E+00  0.484E+00  0.452E+00  0.313E+00  0.506E+00  0.307E+00  0.653E+00  0.423E+00  0.357E+00  0.876E+00  0.467E+00  0.893E+00  0.508E+00  0.515E+00  0.385E+00  0.956E+00  0.648E+00  0.757E+00  0.361E+00  0.913E+00  0.550E+00  0.364E+00  0.329E+00  0.221E+00  0.668E+00  0.333E+00  0.352E+00  0.108E+01
      0.360E+00  0.323E+00  0.382E+00  0.272E+00  0.381E+00  0.373E+00  0.958E+00  0.816E+00  0.627E+00  0.424E+00  0.436E+00  0.918E+00  0.464E+00  0.463E+00  0.771E+00  0.746E+00  0.744E+00  0.464E+00  0.618E+00  0.342E+00  0.484E+00  0.677E+00  0.589E+00  0.460E+00  0.429E+00  0.403E+00  0.629E+00  0.691E+00  0.691E+00  0.459E+00  0.456E+00  0.508E+00  0.812E+00  0.565E+00  0.506E+00  0.501E+00  0.103E+01  0.625E+00  0.846E+00  0.542E+00  0.309E+00  0.714E+00  0.553E+00  0.483E+00  0.458E+00  0.315E+00  0.516E+00  0.304E+00  0.646E+00  0.425E+00  0.356E+00  0.859E+00  0.462E+00  0.894E+00  0.510E+00  0.500E+00  0.370E+00  0.962E+00  0.645E+00  0.762E+00  0.353E+00  0.915E+00  0.538E+00  0.364E+00  0.331E+00  0.222E+00  0.673E+00  0.337E+00  0.349E+00  0.108E+01
      0.352E+00  0.302E+00  0.377E+00  0.280E+00  0.369E+00  0.413E+00  0.938E+00  0.750E+00  0.603E+00  0.390E+00  0.418E+00  0.875E+00  0.458E+00  0.425E+00  0.768E+00  0.712E+00  0.676E+00  0.470E+00  0.597E+00  0.342E+00  0.489E+00  0.692E+00  0.585E+00  0.444E+00  0.461E+00  0.394E+00  0.605E+00  0.679E+00  0.706E+00  0.447E+00  0.463E+00  0.499E+00  0.766E+00  0.526E+00  0.524E+00  0.493E+00  0.992E+00  0.597E+00  0.821E+00  0.534E+00  0.298E+00  0.676E+00  0.558E+00  0.457E+00  0.460E+00  0.319E+00  0.535E+00  0.312E+00  0.626E+00  0.422E+00  0.352E+00  0.810E+00  0.467E+00  0.895E+00  0.516E+00  0.484E+00  0.369E+00  0.963E+00  0.633E+00  0.768E+00  0.355E+00  0.925E+00  0.509E+00  0.354E+00  0.340E+00  0.230E+00  0.675E+00  0.332E+00  0.344E+00  0.105E+01
      0.365E+00  0.301E+00  0.369E+00  0.272E+00  0.393E+00  0.400E+00  0.951E+00  0.772E+00  0.609E+00  0.414E+00  0.390E+00  0.835E+00  0.459E+00  0.445E+00  0.746E+00  0.693E+00  0.684E+00  0.461E+00  0.591E+00  0.318E+00  0.429E+00  0.629E+00  0.580E+00  0.436E+00  0.451E+00  0.364E+00  0.592E+00  0.653E+00  0.705E+00  0.456E+00  0.448E+00  0.487E+00  0.756E+00  0.534E+00  0.501E+00  0.495E+00  0.104E+01  0.599E+00  0.809E+00  0.532E+00  0.301E+00  0.637E+00  0.536E+00  0.474E+00  0.449E+00  0.319E+00  0.536E+00  0.308E+00  0.615E+00  0.420E+00  0.353E+00  0.820E+00  0.457E+00  0.867E+00  0.482E+00  0.498E+00  0.386E+00  0.895E+00  0.622E+00  0.773E+00  0.346E+00  0.894E+00  0.500E+00  0.336E+00  0.324E+00  0.236E+00  0.621E+00  0.330E+00  0.340E+00  0.994E+00
      0.361E+00  0.296E+00  0.371E+00  0.283E+00  0.355E+00  0.382E+00  0.897E+00  0.722E+00  0.553E+00  0.367E+00  0.408E+00  0.888E+00  0.447E+00  0.407E+00  0.716E+00  0.692E+00  0.649E+00  0.432E+00  0.603E+00  0.324E+00  0.445E+00  0.620E+00  0.530E+00  0.418E+00  0.411E+00  0.377E+00  0.565E+00  0.657E+00  0.645E+00  0.416E+00  0.403E+00  0.480E+00  0.731E+00  0.507E+00  0.466E+00  0.468E+00  0.987E+00  0.615E+00  0.749E+00  0.543E+00  0.280E+00  0.634E+00  0.532E+00  0.448E+00  0.444E+00  0.301E+00  0.493E+00  0.305E+00  0.587E+00  0.431E+00  0.335E+00  0.822E+00  0.411E+00  0.847E+00  0.489E+00  0.462E+00  0.360E+00  0.905E+00  0.563E+00  0.730E+00  0.339E+00  0.831E+00  0.486E+00  0.353E+00  0.329E+00  0.231E+00  0.637E+00  0.291E+00  0.342E+00  0.987E+00
      0.356E+00  0.298E+00  0.342E+00  0.279E+00  0.361E+00  0.386E+00  0.873E+00  0.673E+00  0.580E+00  0.394E+00  0.388E+00  0.811E+00  0.437E+00  0.406E+00  0.677E+00  0.679E+00  0.629E+00  0.445E+00  0.559E+00  0.309E+00  0.441E+00  0.541E+00  0.520E+00  0.389E+00  0.388E+00  0.351E+00  0.560E+00  0.607E+00  0.632E+00  0.417E+00  0.406E+00  0.480E+00  0.688E+00  0.484E+00  0.460E+00  0.449E+00  0.932E+00  0.579E+00  0.776E+00  0.501E+00  0.294E+00  0.631E+00  0.484E+00  0.421E+00  0.433E+00  0.293E+00  0.502E+00  0.283E+00  0.566E+00  0.385E+00  0.317E+00  0.816E+00  0.431E+00  0.865E+00  0.486E+00  0.476E+00  0.326E+00  0.903E+00  0.577E+00  0.732E+00  0.349E+00  0.868E+00  0.466E+00  0.345E+00  0.318E+00  0.224E+00  0.595E+00  0.305E+00  0.322E+00  0.944E+00
      0.324E+00  0.264E+00  0.358E+00  0.308E+00  0.344E+00  0.353E+00  0.885E+00  0.655E+00  0.544E+00  0.413E+00  0.391E+00  0.839E+00  0.441E+00  0.374E+00  0.657E+00  0.659E+00  0.617E+00  0.449E+00  0.579E+00  0.307E+00  0.424E+00  0.559E+00  0.508E+00  0.365E+00  0.407E+00  0.376E+00  0.520E+00  0.623E+00  0.641E+00  0.411E+00  0.411E+00  0.438E+00  0.732E+00  0.446E+00  0.464E+00  0.447E+00  0.970E+00  0.545E+00  0.740E+00  0.514E+00  0.281E+00  0.591E+00  0.471E+00  0.409E+00  0.411E+00  0.307E+00  0.447E+00  0.281E+00  0.599E+00  0.384E+00  0.328E+00  0.742E+00  0.401E+00  0.827E+00  0.467E+00  0.451E+00  0.351E+00  0.903E+00  0.603E+00  0.659E+00  0.320E+00  0.815E+00  0.453E+00  0.353E+00  0.335E+00  0.219E+00  0.589E+00  0.298E+00  0.336E+00  0.951E+00
